(18,15)
(17,15)
(16,15)
(15,15)
(14,15)
(13,15)
(13,14)
(12,14)
(11,14)
(10,14)
(9,14)
(8,14)
(7,14)
(7,13)
(7,12)
(7,11)
(7,10)
(7,9)
(7,8)
(7,7)
(7,6)
(7,5)
(6,5)
(5,5)
(4,5)
(3,5)
(2,5)
(2,4)
(2,3)
1111111111111111111111111
1000000000001000000100001
1000000000001000000100001
1000000000001000000100001
1000000000001@@@@@@100001
1000000@@@@@@@00000100001
1000000@00000000000100001
1000111@01111111111100001
1000001@00000000000100001
1000001@00000000000100001
1000001@00000000000100001
1000001@00000000000100001
1000001@00000000000100001
1111111@01111111111100001
10@@@@@@00000000000000001
10@0000000000000000000001
10@0000000000000000000001
1000000000000000000000001
1111111111111111111111111
1111111111111111111111111
