1111111111111111111111111
1000000000001000000100001
1000000000001000000100001
1000000000001000000100001
1000000000001000000100001
1000000000000000000100001
1000000000000000000100001
1000111001111111111100001
1000001000000000000100001
1000001000000000000100001
1000001000000000000100001
1000001000000000000100001
1000001000000000000100001
1111111001111111111100001
1000000000000000000000001
1000000000000000000000001
1000000000000000000000001
1000000000000000000000001
1111111111111111111111111
1111111111111111111111111
